,StudentID,CI 1,Unnamed: 2,CI 2,Unnamed: 4,CI 3,Unnamed: 6,CI 4,Unnamed: 8,DD 1,Unnamed: 10,DD 2,Unnamed: 12,DD 3,Unnamed: 14,DD 4A,Unnamed: 16,DD 4B,Unnamed: 18,EL 1,Unnamed: 20,EL 2,Unnamed: 22,EL 3,Unnamed: 24,EL 4,Unnamed: 26,PR 1,Unnamed: 28,PR 2,Unnamed: 30,PR3,Unnamed: 32,PR4,Unnamed: 34,CI average,RCI,DD average,RDD,EL Average,REL,PR Average,RPR,Overall LC average,Failing,CI_1_risk,CI_2_risk,DD_1_risk,DD_2_risk,EL_1_risk,EL_2_risk,PR_1_risk,PR_2_risk,score_risk
60,Student061,0.0,0.15,0.0,0.25,0.0,0.25,0.0,0.35,3.0,0.1,0.0,0.3,3.8,0.4,0.0,0.1,4.25,0.1,3.2,0.25,2.3,0.25,3.55,0.25,3.75,0.25,2.72,0.2,2.17,0.25,3.5,0.35,4.15,0.2,0.0,Fail,2.245,Fail,3.2,Pass,3.1415,Pass,2.146625,Fail,4,4,2,4,2,3,2,3,3.0
85,Student086,1.7,0.15,2.4,0.25,2.9,0.25,3.2,0.35,2.5,0.1,2.35,0.3,2.65,0.4,2.9,0.1,4.05,0.1,2.66,0.25,1.87,0.25,3.15,0.25,2.85,0.25,1.56,0.2,2.24,0.25,2.85,0.35,4.3,0.2,2.7,Pass,2.71,Pass,2.6325,Pass,2.7295,Pass,2.693,Fail,3,3,2,3,2,3,3,3,2.75
99,Student100,3.6,0.15,0.0,0.25,3.2,0.25,3.1,0.35,2.0,0.1,3.1,0.3,1.68,0.4,3.5,0.1,3.01,0.1,2.7,0.25,1.5,0.25,2.42,0.25,2.59,0.25,1.71,0.2,2.4,0.25,1.93,0.35,2.01,0.2,2.425,Fail,2.453,Fail,2.3025,Fail,2.0195,Fail,2.3,Fail,1,4,3,2,2,3,3,3,2.625
71,Student072,0.0,0.15,0.0,0.25,4.5,0.25,3.6,0.35,2.25,0.1,2.8,0.3,2.7,0.4,3.1,0.1,3.65,0.1,3.0,0.25,2.5,0.25,3.15,0.25,2.85,0.25,2.55,0.2,2.6,0.25,1.43,0.35,3.15,0.2,2.385,Fail,2.82,Pass,2.875,Pass,2.2905,Fail,2.592625,Fail,4,4,3,2,2,2,2,2,2.625
1,Student002,0.0,0.15,0.0,0.25,0.0,0.25,0.0,0.35,3.0,0.1,0.0,0.3,3.57,0.4,1.9,0.1,3.95,0.1,3.2,0.25,4.45,0.25,4.85,0.25,3.85,0.25,2.7,0.2,3.9,0.25,4.3,0.35,4.15,0.2,0.0,Fail,2.313,Fail,4.0875,Pass,3.85,Pass,2.562625,Fail,4,4,2,4,2,1,2,1,2.5
55,Student056,0.0,0.15,2.8,0.25,3.3,0.25,3.8,0.35,2.3,0.1,3.2,0.3,3.25,0.4,3.4,0.1,3.35,0.1,4.8,0.25,2.2,0.25,3.55,0.25,3.3,0.25,2.7,0.2,2.1,0.25,3.2,0.35,3.6,0.2,2.855,Pass,3.165,Pass,3.4625,Pass,2.905,Pass,3.096875,Pass,4,2,3,2,1,3,2,3,2.5
64,Student065,3.2,0.15,1.9,0.25,2.5,0.25,3.6,0.35,2.8,0.1,3.1,0.3,2.95,0.4,3.9,0.1,2.05,0.1,3.22,0.25,2.73,0.25,2.34,0.25,3.32,0.25,2.47,0.2,2.11,0.25,2.87,0.35,4.15,0.2,2.84,Pass,2.985,Pass,2.9025,Pass,2.856,Pass,2.895875,Fail,2,3,2,2,2,2,3,3,2.375
88,Student089,3.4,0.15,2.3,0.25,3.4,0.25,3.3,0.35,2.25,0.1,4.0,0.3,4.0,0.4,4.6,0.1,3.8,0.1,3.2,0.25,2.3,0.25,2.9,0.25,3.3,0.25,3.2,0.2,2.45,0.25,2.95,0.35,3.8,0.2,3.09,Pass,3.865,Pass,2.925,Pass,3.045,Pass,3.23125,Pass,2,3,3,1,2,3,2,3,2.375
67,Student068,3.8,0.15,2.4,0.25,3.2,0.25,2.9,0.35,2.38,0.1,3.3,0.3,2.15,0.4,2.8,0.1,4.25,0.1,3.36,0.25,2.44,0.25,3.94,0.25,2.9,0.25,3.2,0.2,1.91,0.25,2.45,0.35,3.53,0.2,2.985,Pass,2.793,Pass,3.16,Pass,2.681,Pass,2.90475,Fail,1,3,3,2,2,3,2,3,2.375
72,Student073,2.8,0.15,2.4,0.25,2.3,0.25,3.5,0.35,3.3,0.1,3.3,0.3,3.9,0.4,2.28,0.1,3.06,0.1,2.74,0.25,2.41,0.25,2.7,0.25,3.15,0.25,2.07,0.2,2.72,0.25,2.42,0.35,4.0,0.2,2.82,Pass,3.414,Pass,2.75,Pass,2.741,Pass,2.93125,Fail,2,3,2,2,2,3,3,2,2.375
16,Student017,3.2,0.15,0.0,0.25,4.0,0.25,3.2,0.35,3.0,0.1,3.5,0.3,3.7,0.4,2.0,0.1,4.05,0.1,3.2,0.25,3.0,0.25,3.05,0.25,3.05,0.25,2.7,0.2,3.1,0.25,3.2,0.35,2.9,0.2,2.6,Pass,3.435,Pass,3.075,Pass,3.015,Pass,3.03125,Pass,2,4,2,2,2,2,2,2,2.25
37,Student038,2.9,0.15,2.6,0.25,3.0,0.25,3.2,0.35,2.38,0.1,3.4,0.3,3.0,0.4,2.1,0.1,4.3,0.1,3.57,0.25,2.49,0.25,2.75,0.25,3.1,0.25,3.3,0.2,2.2,0.25,2.55,0.35,2.72,0.2,2.955,Pass,3.098,Pass,2.9775,Pass,2.6465,Pass,2.91925,Fail,2,2,3,2,1,3,2,3,2.25
29,Student030,2.6,0.15,3.0,0.25,2.9,0.25,2.8,0.35,2.6,0.1,3.5,0.3,3.55,0.4,2.1,0.1,4.05,0.1,2.28,0.25,2.47,0.25,3.9,0.25,2.95,0.25,3.0,0.2,3.2,0.25,2.95,0.35,3.0,0.2,2.845,Pass,3.345,Pass,2.9,Pass,3.0325,Pass,3.030625,Pass,2,2,2,2,3,3,2,2,2.25
19,Student020,3.0,0.15,2.3,0.25,2.2,0.25,3.05,0.35,2.5,0.1,3.3,0.3,2.95,0.4,3.9,0.1,4.05,0.1,3.65,0.25,2.7,0.25,1.93,0.25,3.32,0.25,2.02,0.2,1.71,0.25,2.87,0.35,3.0,0.2,2.6425,Pass,3.215,Pass,2.9,Pass,2.436,Fail,2.798375,Fail,2,3,2,2,1,2,3,3,2.25
83,Student084,3.0,0.15,2.1,0.25,3.4,0.25,3.5,0.35,2.3,0.1,3.5,0.3,3.4,0.4,3.6,0.1,3.55,0.1,4.0,0.25,3.0,0.25,4.6,0.25,3.5,0.25,3.3,0.2,2.4,0.25,2.81,0.35,3.45,0.2,3.05,Pass,3.355,Pass,3.775,Pass,2.9335,Pass,3.278375,Pass,2,3,3,2,1,2,2,3,2.25
100,Student101,2.6,0.15,2.5,0.25,2.3,0.25,2.4,0.35,2.3,0.1,3.0,0.3,3.1,0.4,3.5,0.1,2.25,0.1,3.74,0.25,2.2,0.25,3.32,0.25,2.07,0.25,3.2,0.2,2.38,0.25,3.4,0.35,2.47,0.2,2.43,Fail,2.945,Pass,2.8325,Pass,2.919,Pass,2.781625,Fail,2,2,3,2,1,3,2,3,2.25
77,Student078,2.7,0.15,2.5,0.25,2.8,0.25,2.98,0.35,2.0,0.1,3.1,0.3,3.6,0.4,1.7,0.1,3.45,0.1,3.2,0.25,3.0,0.25,2.85,0.25,3.44,0.25,2.13,0.2,3.1,0.25,3.55,0.35,2.68,0.2,2.773,Pass,3.085,Pass,3.1225,Pass,2.9795,Pass,2.99,Fail,2,2,3,2,2,2,3,2,2.25
11,Student012,2.9,0.15,2.6,0.25,3.9,0.25,3.2,0.35,2.8,0.1,2.6,0.3,3.32,0.4,1.4,0.1,3.6,0.1,2.4,0.25,2.9,0.25,4.15,0.25,2.9,0.25,2.4,0.2,2.89,0.25,2.85,0.35,4.0,0.2,3.18,Pass,2.888,Pass,3.0875,Pass,3.0,Pass,3.038875,Pass,2,2,2,2,3,2,3,2,2.25
61,Student062,4.0,0.15,3.0,0.25,3.0,0.25,3.9,0.35,2.2,0.1,4.1,0.3,2.66,0.4,2.5,0.1,4.05,0.1,1.82,0.25,2.39,0.25,3.15,0.25,2.85,0.25,3.3,0.2,2.98,0.25,3.02,0.35,2.9,0.2,3.465,Pass,3.169,Pass,2.5525,Pass,3.042,Pass,3.057125,Pass,1,2,3,1,3,3,2,2,2.125
92,Student093,2.4,0.15,2.7,0.25,3.5,0.25,3.2,0.35,2.63,0.1,3.0,0.3,3.9,0.4,1.8,0.1,3.9,0.1,3.2,0.25,2.7,0.25,2.75,0.25,3.1,0.25,3.3,0.2,3.2,0.25,2.45,0.35,3.0,0.2,3.03,Pass,3.293,Pass,2.9375,Pass,2.9175,Pass,3.0445,Pass,3,2,2,2,2,2,2,2,2.125
34,Student035,3.1,0.15,3.0,0.25,4.2,0.25,3.4,0.35,2.35,0.1,3.4,0.3,3.7,0.4,2.0,0.1,4.05,0.1,4.4,0.25,2.2,0.25,3.7,0.25,3.05,0.25,3.3,0.2,3.3,0.25,3.2,0.35,4.3,0.2,3.455,Pass,3.34,Pass,3.3375,Pass,3.465,Pass,3.399375,Pass,2,2,3,2,1,3,2,2,2.125
68,Student069,3.1,0.15,2.9,0.25,2.2,0.25,2.5,0.35,2.5,0.1,3.9,0.3,3.0,0.4,3.9,0.1,2.8,0.1,3.8,0.25,1.89,0.25,2.7,0.25,3.15,0.25,2.4,0.2,2.45,0.25,3.55,0.35,4.3,0.2,2.615,Pass,3.29,Pass,2.885,Pass,3.195,Pass,2.99625,Fail,2,2,2,1,1,3,3,3,2.125
15,Student016,2.8,0.15,0.0,0.25,3.3,0.25,3.8,0.35,3.5,0.1,2.3,0.3,4.2,0.4,3.1,0.1,3.65,0.1,4.0,0.25,3.0,0.25,4.85,0.25,3.85,0.25,2.7,0.2,4.4,0.25,4.3,0.35,3.15,0.2,2.575,Pass,3.395,Pass,3.925,Pass,3.775,Pass,3.4175,Pass,2,4,2,3,1,2,2,1,2.125
20,Student021,2.7,0.15,3.1,0.25,2.8,0.25,3.0,0.35,2.4,0.1,2.8,0.3,3.4,0.4,3.2,0.1,3.55,0.1,3.2,0.25,2.85,0.25,2.8,0.25,4.1,0.25,2.9,0.2,3.1,0.25,3.3,0.35,3.0,0.2,2.93,Pass,3.115,Pass,3.2375,Pass,3.11,Pass,3.098125,Pass,2,2,3,2,2,2,2,2,2.125
78,Student079,2.3,0.15,2.0,0.25,3.3,0.25,3.1,0.35,1.8,0.1,4.5,0.3,2.98,0.4,1.8,0.1,1.8,0.1,2.89,0.25,3.5,0.25,2.7,0.25,3.15,0.25,3.1,0.2,4.4,0.25,2.85,0.35,2.21,0.2,2.755,Pass,3.082,Pass,3.06,Pass,3.1595,Pass,3.014125,Pass,3,3,3,1,2,2,2,1,2.125
48,Student049,4.3,0.15,2.9,0.25,3.5,0.25,3.8,0.35,3.0,0.1,3.1,0.3,3.1,0.4,4.7,0.1,1.78,0.1,3.4,0.25,3.5,0.25,1.82,0.25,3.38,0.25,2.7,0.2,2.4,0.25,2.4,0.35,2.08,0.2,3.575,Pass,3.118,Pass,3.025,Pass,2.396,Fail,3.0285,Pass,1,2,2,2,2,2,2,3,2.0
52,Student053,3.2,0.15,2.5,0.25,3.7,0.25,3.4,0.35,2.8,0.1,3.4,0.3,3.5,0.4,3.7,0.1,3.2,0.1,3.2,0.25,3.0,0.25,3.5,0.25,3.75,0.25,3.0,0.2,2.64,0.25,3.05,0.35,3.75,0.2,3.22,Pass,3.39,Pass,3.3625,Pass,3.0775,Pass,3.2625,Pass,2,2,2,2,2,2,2,2,2.0
96,Student097,3.5,0.15,2.9,0.25,3.0,0.25,3.6,0.35,2.6,0.1,2.9,0.3,2.98,0.4,4.3,0.1,2.4,0.1,2.4,0.25,2.9,0.25,2.85,0.25,3.05,0.25,2.7,0.2,3.8,0.25,2.85,0.35,2.6,0.2,3.26,Pass,2.992,Pass,2.8,Pass,3.0075,Pass,3.014875,Pass,2,2,2,2,3,2,2,1,2.0
56,Student057,3.2,0.15,2.9,0.25,2.7,0.25,3.6,0.35,2.0,0.1,3.9,0.3,3.3,0.4,2.1,0.1,3.65,0.1,3.4,0.25,3.5,0.25,4.6,0.25,3.5,0.25,2.23,0.2,3.4,0.25,3.5,0.35,3.85,0.2,3.14,Pass,3.265,Pass,3.75,Pass,3.291,Pass,3.3615,Pass,2,2,3,1,2,2,3,1,2.0
58,Student059,3.2,0.15,2.3,0.25,3.2,0.25,3.3,0.35,2.13,0.1,2.6,0.3,2.55,0.4,2.0,0.1,3.9,0.1,3.8,0.25,3.7,0.25,3.0,0.25,3.45,0.25,2.9,0.2,2.64,0.25,2.75,0.35,3.0,0.2,3.01,Pass,2.603,Pass,3.4875,Pass,2.8025,Pass,2.97575,Fail,2,3,3,2,1,1,2,2,2.0
12,Student013,2.6,0.15,2.5,0.25,3.4,0.25,3.3,0.35,3.03,0.1,3.2,0.3,3.5,0.4,4.6,0.1,4.1,0.1,4.6,0.25,3.5,0.25,3.65,0.25,3.5,0.25,2.4,0.2,2.63,0.25,3.05,0.35,3.85,0.2,3.02,Pass,3.533,Pass,3.8125,Pass,2.975,Pass,3.335125,Pass,2,2,2,2,1,2,3,2,2.0
36,Student037,3.5,0.15,3.1,0.25,4.0,0.25,3.4,0.35,3.0,0.1,3.4,0.3,3.5,0.4,3.0,0.1,3.55,0.1,3.2,0.25,3.0,0.25,4.55,0.25,3.25,0.25,3.3,0.2,3.1,0.25,3.95,0.35,3.0,0.2,3.49,Pass,3.375,Pass,3.5,Pass,3.4175,Pass,3.445625,Pass,2,2,2,2,2,2,2,2,2.0
24,Student025,3.4,0.15,2.4,0.25,3.0,0.25,3.9,0.35,2.3,0.1,3.4,0.3,2.76,0.4,1.8,0.1,3.49,0.1,4.0,0.25,3.1,0.25,3.55,0.25,2.72,0.25,2.5,0.2,4.1,0.25,2.04,0.35,3.85,0.2,3.225,Pass,2.883,Pass,3.3425,Pass,3.009,Pass,3.114875,Pass,2,3,3,2,1,2,2,1,2.0
8,Student009,3.0,0.15,3.0,0.25,3.1,0.25,3.2,0.35,2.38,0.1,3.0,0.3,3.4,0.4,3.7,0.1,3.44,0.1,4.2,0.25,2.7,0.25,2.8,0.25,4.1,0.25,3.0,0.2,3.2,0.25,3.3,0.35,3.0,0.2,3.095,Pass,3.212,Pass,3.45,Pass,3.155,Pass,3.228,Pass,2,2,3,2,1,2,2,2,2.0
33,Student034,3.2,0.15,2.4,0.25,4.0,0.25,2.9,0.35,2.8,0.1,3.6,0.3,2.7,0.4,4.2,0.1,3.95,0.1,4.4,0.25,3.35,0.25,3.15,0.25,2.85,0.25,2.9,0.2,2.38,0.25,2.85,0.35,4.15,0.2,3.095,Pass,3.255,Pass,3.4375,Pass,3.0025,Pass,3.1975,Pass,2,3,2,1,1,2,2,3,2.0
82,Student083,3.4,0.15,2.8,0.25,2.9,0.25,3.2,0.35,2.3,0.1,3.4,0.3,3.25,0.4,3.9,0.1,4.1,0.1,3.8,0.25,2.7,0.25,2.9,0.25,3.3,0.25,2.24,0.2,3.5,0.25,3.3,0.35,3.85,0.2,3.055,Pass,3.35,Pass,3.175,Pass,3.248,Pass,3.207,Pass,2,2,3,2,1,2,3,1,2.0
17,Student018,4.7,0.15,0.0,0.25,3.7,0.25,3.0,0.35,3.3,0.1,3.5,0.3,3.4,0.4,4.3,0.1,1.85,0.1,4.0,0.25,2.83,0.25,4.2,0.25,3.5,0.25,2.5,0.2,3.0,0.25,3.3,0.35,3.15,0.2,2.68,Pass,3.355,Pass,3.6325,Pass,3.035,Pass,3.175625,Pass,1,4,2,2,1,2,2,2,2.0
10,Student011,3.2,0.15,2.9,0.25,3.8,0.25,4.0,0.35,2.8,0.1,3.5,0.3,3.55,0.4,1.3,0.1,3.95,0.1,3.6,0.25,2.4,0.25,3.7,0.25,3.05,0.25,3.5,0.2,3.0,0.25,3.55,0.35,3.6,0.2,3.555,Pass,3.275,Pass,3.1875,Pass,3.4125,Pass,3.3575,Pass,2,2,2,2,1,3,2,2,2.0
28,Student029,3.7,0.15,3.5,0.25,3.6,0.25,3.2,0.35,2.03,0.1,3.3,0.3,3.3,0.4,1.7,0.1,2.49,0.1,3.6,0.25,2.4,0.25,4.6,0.25,3.5,0.25,3.3,0.2,3.0,0.25,3.5,0.35,2.55,0.2,3.45,Pass,2.932,Pass,3.525,Pass,3.145,Pass,3.263,Pass,1,2,3,2,1,3,2,2,2.0
75,Student076,3.5,0.15,3.1,0.25,4.7,0.25,3.1,0.35,2.1,0.1,3.3,0.3,3.9,0.4,0.0,0.1,2.36,0.1,4.2,0.25,2.7,0.25,3.55,0.25,3.75,0.25,3.2,0.2,2.8,0.25,2.45,0.35,2.56,0.2,3.56,Pass,2.996,Pass,3.55,Pass,2.7095,Pass,3.203875,Pass,2,2,3,2,1,2,2,2,2.0
91,Student092,3.5,0.15,3.3,0.25,2.2,0.25,3.4,0.35,2.8,0.1,3.2,0.3,3.32,0.4,1.9,0.1,3.9,0.1,4.0,0.25,2.68,0.25,2.95,0.25,4.15,0.25,2.98,0.2,3.0,0.25,2.42,0.35,3.0,0.2,3.09,Pass,3.148,Pass,3.445,Pass,2.793,Pass,3.119,Pass,2,2,2,2,1,2,2,2,1.875
62,Student063,3.4,0.15,3.2,0.25,3.7,0.25,0.0,0.35,2.48,0.1,3.5,0.3,4.2,0.4,4.3,0.1,4.05,0.1,4.0,0.25,3.65,0.25,3.55,0.25,3.3,0.25,3.2,0.2,3.1,0.25,4.3,0.35,2.9,0.2,2.235,Fail,3.813,Pass,3.625,Pass,3.5,Pass,3.29325,Pass,2,2,3,2,1,1,2,2,1.875
86,Student087,2.6,0.15,2.3,0.25,3.7,0.25,3.6,0.35,2.0,0.1,3.9,0.3,2.4,0.4,2.68,0.1,4.3,0.1,3.2,0.25,4.45,0.25,3.0,0.25,4.0,0.25,2.7,0.2,3.7,0.25,2.75,0.35,2.72,0.2,3.15,Pass,3.028,Pass,3.6625,Pass,2.9715,Pass,3.203,Pass,2,3,3,1,2,1,2,1,1.875
93,Student094,3.1,0.15,2.5,0.25,3.6,0.25,3.7,0.35,2.3,0.1,3.7,0.3,3.7,0.4,1.8,0.1,3.75,0.1,4.8,0.25,2.3,0.25,3.55,0.25,3.3,0.25,3.1,0.2,3.5,0.25,3.2,0.35,3.6,0.2,3.285,Pass,3.375,Pass,3.4875,Pass,3.335,Pass,3.370625,Pass,2,2,3,1,1,3,2,1,1.875
74,Student075,3.7,0.15,3.3,0.25,2.7,0.25,3.4,0.35,2.25,0.1,3.0,0.3,2.4,0.4,2.5,0.1,3.95,0.1,3.2,0.25,2.59,0.25,3.0,0.25,4.0,0.25,3.3,0.2,4.0,0.25,2.75,0.35,3.0,0.2,3.245,Pass,2.73,Pass,3.1975,Pass,3.2225,Pass,3.09875,Pass,1,2,3,2,2,2,2,1,1.875
76,Student077,3.5,0.15,3.0,0.25,4.2,0.25,3.7,0.35,3.3,0.1,3.5,0.3,2.65,0.4,4.3,0.1,3.95,0.1,3.4,0.25,2.7,0.25,4.85,0.25,3.85,0.25,3.1,0.2,3.7,0.25,2.85,0.35,4.15,0.2,3.62,Pass,3.265,Pass,3.7,Pass,3.3725,Pass,3.489375,Pass,2,2,2,2,2,2,2,1,1.875
87,Student088,3.5,0.15,3.2,0.25,3.4,0.25,3.6,0.35,2.8,0.1,4.4,0.3,3.1,0.4,4.1,0.1,3.65,0.1,3.4,0.25,3.15,0.25,4.2,0.25,3.5,0.25,3.5,0.2,3.0,0.25,3.4,0.35,3.85,0.2,3.435,Pass,3.615,Pass,3.5625,Pass,3.41,Pass,3.505625,Pass,2,2,2,1,2,2,2,2,1.875
50,Student051,1.3,0.15,3.8,0.25,2.9,0.25,3.6,0.35,2.5,0.1,4.3,0.3,3.25,0.4,3.9,0.1,2.42,0.1,3.4,0.25,2.7,0.25,2.9,0.25,3.3,0.25,2.7,0.2,3.5,0.25,2.4,0.35,2.21,0.2,3.13,Pass,3.472,Pass,3.075,Pass,2.697,Pass,3.0935,Pass,4,1,2,1,2,2,2,1,1.875
7,Student008,3.2,0.15,3.5,0.25,4.8,0.25,3.8,0.35,3.3,0.1,2.5,0.3,2.95,0.4,4.6,0.1,4.4,0.1,4.8,0.25,2.3,0.25,4.85,0.25,3.85,0.25,3.0,0.2,3.9,0.25,3.55,0.35,3.6,0.2,3.885,Pass,3.16,Pass,3.95,Pass,3.5375,Pass,3.633125,Pass,2,2,2,2,1,3,2,1,1.875
46,Student047,3.9,0.15,3.3,0.25,3.4,0.25,3.3,0.35,2.5,0.1,2.8,0.3,3.55,0.4,2.9,0.1,1.2,0.1,3.8,0.25,3.35,0.25,3.8,0.25,4.05,0.25,2.9,0.2,1.66,0.25,2.95,0.35,2.36,0.2,3.415,Pass,2.92,Pass,3.75,Pass,2.4995,Fail,3.146125,Pass,1,2,2,2,1,2,2,3,1.875
6,Student007,3.0,0.15,2.6,0.25,2.4,0.25,3.2,0.35,2.63,0.1,2.55,0.3,3.3,0.4,3.3,0.1,1.85,0.1,4.8,0.25,2.2,0.25,3.9,0.25,2.51,0.25,3.23,0.2,3.5,0.25,3.5,0.35,3.15,0.2,2.82,Pass,2.863,Pass,3.3525,Pass,3.376,Pass,3.102875,Pass,2,2,2,2,1,3,2,1,1.875
14,Student015,4.0,0.15,3.2,0.25,3.9,0.25,3.1,0.35,2.2,0.1,3.8,0.3,3.15,0.4,1.4,0.1,3.25,0.1,3.2,0.25,2.5,0.25,3.15,0.25,2.85,0.25,3.2,0.2,3.3,0.25,2.72,0.35,2.45,0.2,3.46,Pass,3.085,Pass,2.925,Pass,2.907,Pass,3.09425,Pass,1,2,3,1,2,2,2,2,1.875
18,Student019,3.5,0.15,2.9,0.25,3.7,0.25,3.1,0.35,3.0,0.1,3.2,0.3,2.4,0.4,2.9,0.1,3.9,0.1,3.6,0.25,4.35,0.25,2.85,0.25,3.45,0.25,2.4,0.2,3.3,0.25,2.75,0.35,3.0,0.2,3.26,Pass,2.9,Pass,3.5625,Pass,2.8675,Pass,3.1475,Pass,2,2,2,2,1,1,3,2,1.875
0,Student001,3.4,0.15,2.7,0.25,3.6,0.25,4.0,0.35,3.0,0.1,4.2,0.3,3.55,0.4,3.7,0.1,4.05,0.1,3.4,0.25,2.7,0.25,4.85,0.25,3.85,0.25,3.0,0.2,4.4,0.25,3.55,0.35,4.3,0.2,3.485,Pass,3.755,Pass,3.7,Pass,3.8025,Pass,3.685625,Pass,2,2,2,1,2,2,2,1,1.75
49,Student050,3.1,0.15,3.7,0.25,2.7,0.25,3.0,0.35,3.0,0.1,4.8,0.3,3.65,0.4,4.3,0.1,4.05,0.1,3.2,0.25,3.0,0.25,2.75,0.25,3.9,0.25,2.9,0.2,3.1,0.25,4.1,0.35,3.0,0.2,3.115,Pass,4.035,Pass,3.2125,Pass,3.39,Pass,3.438125,Pass,2,1,2,1,2,2,2,2,1.75
66,Student067,3.1,0.15,2.6,0.25,3.2,0.25,3.0,0.35,2.5,0.1,2.5,0.3,3.6,0.4,3.9,0.1,3.2,0.1,4.0,0.25,3.65,0.25,3.1,0.25,1.75,0.25,2.7,0.2,3.0,0.25,3.55,0.35,3.19,0.2,2.965,Pass,3.15,Pass,3.125,Pass,3.1705,Pass,3.102625,Pass,2,2,2,2,1,1,2,2,1.75
38,Student039,3.7,0.15,2.7,0.25,3.8,0.25,3.3,0.35,3.0,0.1,3.9,0.3,3.5,0.4,3.9,0.1,3.35,0.1,2.72,0.25,3.0,0.25,3.65,0.25,3.5,0.25,3.3,0.2,3.1,0.25,3.05,0.35,3.6,0.2,3.335,Pass,3.595,Pass,3.2175,Pass,3.2225,Pass,3.3425,Pass,1,2,2,1,2,2,2,2,1.75
39,Student040,4.1,0.15,3.0,0.25,3.4,0.25,3.8,0.35,3.0,0.1,3.5,0.3,3.55,0.4,2.9,0.1,2.05,0.1,2.6,0.25,4.35,0.25,2.75,0.25,3.9,0.25,3.5,0.2,3.2,0.25,2.95,0.35,4.15,0.2,3.545,Pass,3.265,Pass,3.4,Pass,3.3625,Pass,3.393125,Pass,1,2,2,2,2,1,2,2,1.75
3,Student004,3.9,0.15,3.1,0.25,3.2,0.25,3.7,0.35,3.3,0.1,3.1,0.3,3.7,0.4,4.3,0.1,4.05,0.1,4.0,0.25,3.44,0.25,3.55,0.25,3.3,0.25,2.9,0.2,3.1,0.25,3.2,0.35,3.66,0.2,3.455,Pass,3.575,Pass,3.5725,Pass,3.207,Pass,3.452375,Pass,1,2,2,2,1,2,2,2,1.75
42,Student043,3.7,0.15,2.9,0.25,3.7,0.25,3.2,0.35,2.5,0.1,3.0,0.3,3.8,0.4,2.33,0.1,2.4,0.1,4.6,0.25,3.5,0.25,3.0,0.25,4.0,0.25,2.7,0.2,3.3,0.25,3.5,0.35,2.6,0.2,3.325,Pass,3.143,Pass,3.775,Pass,3.11,Pass,3.33825,Pass,1,2,2,2,1,2,2,2,1.75
43,Student044,2.5,0.15,4.0,0.25,3.4,0.25,3.1,0.35,3.3,0.1,2.9,0.3,3.25,0.4,2.8,0.1,4.1,0.1,4.8,0.25,2.3,0.25,4.45,0.25,4.05,0.25,2.7,0.2,3.4,0.25,2.4,0.35,3.85,0.2,3.31,Pass,3.19,Pass,3.9,Pass,3.0,Pass,3.35,Pass,2,1,2,2,1,3,2,1,1.75
80,Student081,4.0,0.15,3.1,0.25,3.1,0.25,3.4,0.35,2.7,0.1,2.7,0.3,3.25,0.4,3.1,0.1,3.23,0.1,2.6,0.25,4.5,0.25,3.55,0.25,3.3,0.25,3.5,0.2,3.3,0.25,2.4,0.35,4.0,0.2,3.34,Pass,3.013,Pass,3.4875,Pass,3.165,Pass,3.251375,Pass,1,2,2,2,2,1,2,2,1.75
54,Student055,2.8,0.15,3.5,0.25,2.1,0.25,3.7,0.35,2.5,0.1,3.6,0.3,2.55,0.4,4.3,0.1,4.25,0.1,3.4,0.25,3.5,0.25,3.53,0.25,2.76,0.25,3.0,0.2,3.4,0.25,2.42,0.35,4.15,0.2,3.115,Pass,3.205,Pass,3.2975,Pass,3.127,Pass,3.186125,Pass,2,2,2,1,2,2,2,1,1.75
2,Student003,4.1,0.15,3.2,0.25,4.2,0.25,4.0,0.35,2.3,0.1,3.5,0.3,3.25,0.4,4.3,0.1,3.2,0.1,2.6,0.25,4.5,0.25,3.8,0.25,4.05,0.25,3.5,0.2,3.5,0.25,3.2,0.35,3.75,0.2,3.865,Pass,3.33,Pass,3.7375,Pass,3.445,Pass,3.594375,Pass,1,2,3,2,2,1,2,1,1.75
51,Student052,2.1,0.15,3.0,0.25,2.6,0.25,3.1,0.35,2.5,0.1,4.0,0.3,3.33,0.4,3.3,0.1,2.25,0.1,4.0,0.25,3.0,0.25,3.75,0.25,3.45,0.25,3.1,0.2,3.4,0.25,4.1,0.35,2.9,0.2,2.8,Pass,3.337,Pass,3.55,Pass,3.485,Pass,3.293,Pass,3,2,2,1,1,2,2,1,1.75
89,Student090,3.1,0.15,3.2,0.25,3.7,0.25,3.3,0.35,2.5,0.1,4.0,0.3,4.2,0.4,4.3,0.1,4.4,0.1,3.6,0.25,2.4,0.25,3.9,0.25,2.75,0.25,3.8,0.2,3.1,0.25,4.3,0.35,3.6,0.2,3.345,Pass,4.0,Pass,3.1625,Pass,3.76,Pass,3.566875,Pass,2,2,2,1,1,3,1,2,1.75
22,Student023,3.9,0.15,2.6,0.25,2.7,0.25,3.1,0.35,2.53,0.1,4.5,0.3,3.6,0.4,3.4,0.1,3.55,0.1,4.8,0.25,2.3,0.25,3.5,0.25,3.75,0.25,3.1,0.2,3.5,0.25,3.55,0.35,3.0,0.2,2.995,Pass,3.738,Pass,3.5875,Pass,3.3375,Pass,3.4145,Pass,1,2,2,1,1,3,2,1,1.625
23,Student024,3.4,0.15,3.2,0.25,2.5,0.25,3.4,0.35,2.8,0.1,4.3,0.3,3.65,0.4,4.3,0.1,2.05,0.1,4.0,0.25,3.65,0.25,3.75,0.25,3.45,0.25,2.9,0.2,3.1,0.25,4.1,0.35,4.15,0.2,3.125,Pass,3.665,Pass,3.7125,Pass,3.62,Pass,3.530625,Pass,2,2,2,1,1,1,2,2,1.625
79,Student080,3.9,0.15,3.1,0.25,2.3,0.25,3.3,0.35,3.1,0.1,3.6,0.3,3.9,0.4,4.4,0.1,3.95,0.1,2.6,0.25,4.5,0.25,3.0,0.25,3.28,0.25,2.7,0.2,2.9,0.25,2.45,0.35,2.55,0.2,3.09,Pass,3.785,Pass,3.345,Pass,2.6325,Pass,3.213125,Pass,1,2,2,1,2,1,2,2,1.625
25,Student026,3.3,0.15,3.4,0.25,3.1,0.25,3.1,0.35,2.78,0.1,4.5,0.3,4.0,0.4,4.3,0.1,3.45,0.1,3.2,0.25,4.45,0.25,4.55,0.25,3.25,0.25,3.1,0.2,3.4,0.25,2.95,0.35,3.15,0.2,3.205,Pass,4.003,Pass,3.8625,Pass,3.1325,Pass,3.55075,Pass,2,2,2,1,2,1,2,1,1.625
13,Student014,4.3,0.15,3.6,0.25,3.6,0.25,3.3,0.35,3.0,0.1,3.5,0.3,3.5,0.4,4.6,0.1,3.55,0.1,3.4,0.25,3.15,0.25,2.9,0.25,3.3,0.25,2.9,0.2,4.1,0.25,3.05,0.35,3.0,0.2,3.6,Pass,3.565,Pass,3.1875,Pass,3.2725,Pass,3.40625,Pass,1,1,2,2,2,2,2,1,1.625
73,Student074,3.4,0.15,3.2,0.25,2.8,0.25,3.5,0.35,2.5,0.1,4.2,0.3,2.65,0.4,1.7,0.1,3.65,0.1,4.0,0.25,3.0,0.25,3.9,0.25,2.75,0.25,3.3,0.2,3.9,0.25,2.85,0.35,3.15,0.2,3.235,Pass,3.105,Pass,3.4125,Pass,3.2625,Pass,3.25375,Pass,2,2,2,1,1,2,2,1,1.625
65,Student066,3.6,0.15,4.0,0.25,4.3,0.25,2.9,0.35,3.28,0.1,4.1,0.3,3.7,0.4,3.9,0.1,3.25,0.1,3.2,0.25,2.5,0.25,3.9,0.25,2.75,0.25,3.2,0.2,3.1,0.25,3.2,0.35,2.45,0.2,3.63,Pass,3.753,Pass,3.0875,Pass,3.025,Pass,3.373875,Pass,1,1,2,1,2,2,2,2,1.625
32,Student033,4.1,0.15,3.9,0.25,2.7,0.25,4.1,0.35,2.7,0.1,3.3,0.3,3.3,0.4,4.7,0.1,3.55,0.1,4.6,0.25,3.5,0.25,3.8,0.25,4.05,0.25,3.2,0.2,2.9,0.25,3.5,0.35,3.45,0.2,3.7,Pass,3.405,Pass,3.9875,Pass,3.28,Pass,3.593125,Pass,1,1,2,2,1,2,2,2,1.625
4,Student005,3.5,0.15,3.1,0.25,4.3,0.25,3.4,0.35,3.5,0.1,4.0,0.3,2.7,0.4,2.5,0.1,4.05,0.1,3.6,0.25,4.35,0.25,3.7,0.25,3.05,0.25,2.98,0.2,2.9,0.25,2.85,0.35,2.9,0.2,3.565,Pass,3.285,Pass,3.675,Pass,2.8985,Pass,3.355875,Pass,2,2,2,1,1,1,2,2,1.625
94,Student095,4.1,0.15,2.8,0.25,3.7,0.25,3.1,0.35,2.0,0.1,4.5,0.3,3.6,0.4,4.3,0.1,3.8,0.1,3.8,0.25,3.7,0.25,2.9,0.25,3.3,0.25,3.2,0.2,3.1,0.25,3.55,0.35,4.0,0.2,3.325,Pass,3.8,Pass,3.425,Pass,3.4575,Pass,3.501875,Pass,1,2,3,1,1,1,2,2,1.625
40,Student041,3.8,0.15,2.7,0.25,3.7,0.25,4.1,0.35,2.2,0.1,3.5,0.3,3.1,0.4,4.0,0.1,3.55,0.1,3.8,0.25,3.7,0.25,3.8,0.25,4.05,0.25,3.2,0.2,4.0,0.25,3.4,0.35,3.45,0.2,3.605,Pass,3.265,Pass,3.8375,Pass,3.52,Pass,3.556875,Pass,1,2,3,2,1,1,2,1,1.625
59,Student060,3.8,0.15,3.7,0.25,2.5,0.25,3.1,0.35,2.3,0.1,3.7,0.3,3.8,0.4,3.7,0.1,3.6,0.1,4.4,0.25,2.2,0.25,2.95,0.25,4.15,0.25,3.0,0.2,4.0,0.25,3.5,0.35,4.0,0.2,3.205,Pass,3.59,Pass,3.425,Pass,3.625,Pass,3.46125,Pass,1,1,3,1,1,3,2,1,1.625
98,Student099,3.6,0.15,2.8,0.25,3.2,0.25,3.5,0.35,3.8,0.1,3.2,0.3,3.55,0.4,3.1,0.1,1.58,0.1,3.8,0.25,3.35,0.25,2.31,0.25,4.1,0.25,2.4,0.2,3.8,0.25,2.95,0.35,2.03,0.2,3.265,Pass,3.228,Pass,3.39,Pass,2.8685,Pass,3.187875,Pass,1,2,1,2,1,2,3,1,1.625
45,Student046,3.7,0.15,3.5,0.25,3.5,0.25,2.8,0.35,2.8,0.1,3.5,0.3,3.5,0.4,2.2,0.1,3.55,0.1,2.6,0.25,4.35,0.25,4.6,0.25,3.5,0.25,2.5,0.2,3.5,0.25,4.1,0.35,3.0,0.2,3.285,Pass,3.305,Pass,3.7625,Pass,3.41,Pass,3.440625,Pass,1,2,2,2,2,1,2,1,1.625
21,Student022,3.0,0.15,3.0,0.25,2.4,0.25,3.1,0.35,3.3,0.1,4.4,0.3,3.25,0.4,3.5,0.1,3.2,0.1,3.8,0.25,3.7,0.25,3.55,0.25,3.3,0.25,3.2,0.2,3.2,0.25,3.3,0.35,3.75,0.2,2.885,Pass,3.62,Pass,3.5875,Pass,3.345,Pass,3.359375,Pass,2,2,2,1,1,1,2,2,1.625
90,Student091,4.1,0.15,3.8,0.25,3.9,0.25,3.5,0.35,3.3,0.1,3.4,0.3,3.25,0.4,4.4,0.1,3.45,0.1,3.6,0.25,4.35,0.25,4.45,0.25,4.05,0.25,3.5,0.2,2.89,0.25,3.3,0.35,3.15,0.2,3.765,Pass,3.435,Pass,4.1125,Pass,3.2075,Pass,3.63,Pass,1,1,2,2,1,1,2,2,1.5
97,Student098,4.1,0.15,3.9,0.25,4.3,0.25,3.1,0.35,2.7,0.1,4.1,0.3,3.5,0.4,3.1,0.1,4.1,0.1,3.2,0.25,3.0,0.25,2.8,0.25,3.7,0.25,3.3,0.2,3.5,0.25,3.95,0.35,3.85,0.2,3.75,Pass,3.62,Pass,3.175,Pass,3.6875,Pass,3.558125,Pass,1,1,2,1,2,2,2,1,1.5
47,Student048,3.6,0.15,3.6,0.25,3.3,0.25,3.8,0.35,3.03,0.1,3.3,0.3,4.0,0.4,4.6,0.1,4.1,0.1,4.0,0.25,2.68,0.25,3.5,0.25,3.75,0.25,2.9,0.2,3.5,0.25,2.95,0.35,3.85,0.2,3.595,Pass,3.763,Pass,3.4825,Pass,3.2575,Pass,3.5245,Pass,1,1,2,2,1,2,2,1,1.5
27,Student028,2.8,0.15,3.4,0.25,4.0,0.25,3.4,0.35,2.9,0.1,4.2,0.3,2.64,0.4,3.1,0.1,3.1,0.1,4.2,0.25,3.85,0.25,3.9,0.25,2.75,0.25,3.3,0.2,3.52,0.25,3.37,0.35,2.68,0.2,3.46,Pass,3.226,Pass,3.675,Pass,3.2555,Pass,3.404125,Pass,2,2,2,1,1,1,2,1,1.5
30,Student031,3.7,0.15,2.7,0.25,4.1,0.25,3.7,0.35,3.5,0.1,3.9,0.3,3.7,0.4,3.6,0.1,3.95,0.1,3.91,0.25,3.5,0.25,3.7,0.25,3.05,0.25,2.55,0.2,3.8,0.25,3.2,0.35,3.6,0.2,3.55,Pass,3.755,Pass,3.54,Pass,3.3,Pass,3.53625,Pass,1,2,2,1,1,2,2,1,1.5
31,Student032,4.0,0.15,3.8,0.25,3.4,0.25,3.8,0.35,2.5,0.1,3.2,0.3,3.5,0.4,3.5,0.1,3.95,0.1,4.2,0.25,3.55,0.25,2.3,0.25,3.75,0.25,3.2,0.2,3.2,0.25,2.85,0.35,3.0,0.2,3.73,Pass,3.355,Pass,3.45,Pass,3.0375,Pass,3.393125,Pass,1,1,2,2,1,1,2,2,1.5
70,Student071,3.4,0.15,3.0,0.25,3.2,0.25,3.8,0.35,3.5,0.1,4.5,0.3,3.25,0.4,3.7,0.1,4.1,0.1,4.2,0.25,3.85,0.25,3.55,0.25,3.3,0.25,3.0,0.2,3.4,0.25,3.2,0.35,3.85,0.2,3.39,Pass,3.78,Pass,3.725,Pass,3.34,Pass,3.55875,Pass,2,2,2,1,1,1,2,1,1.5
41,Student042,3.7,0.15,4.3,0.25,4.1,0.25,2.9,0.35,3.0,0.1,4.1,0.3,3.25,0.4,1.4,0.1,3.02,0.1,4.0,0.25,2.42,0.25,3.8,0.25,4.05,0.25,3.8,0.2,3.2,0.25,3.2,0.35,3.0,0.2,3.67,Pass,3.272,Pass,3.5675,Pass,3.28,Pass,3.447375,Pass,1,1,2,1,1,3,1,2,1.5
35,Student036,3.9,0.15,2.6,0.25,3.3,0.25,3.4,0.35,1.8,0.1,4.1,0.3,3.7,0.4,2.0,0.1,3.25,0.1,4.2,0.25,3.55,0.25,3.55,0.25,2.72,0.25,2.55,0.2,3.5,0.25,3.2,0.35,2.45,0.2,3.25,Pass,3.415,Pass,3.505,Pass,2.995,Pass,3.29125,Pass,1,2,3,1,1,1,2,1,1.5
63,Student064,3.9,0.15,3.8,0.25,4.1,0.25,3.4,0.35,3.2,0.1,3.7,0.3,3.9,0.4,4.2,0.1,2.8,0.1,3.8,0.25,2.7,0.25,3.55,0.25,3.75,0.25,3.0,0.2,3.5,0.25,2.85,0.35,4.3,0.2,3.75,Pass,3.69,Pass,3.45,Pass,3.3325,Pass,3.555625,Pass,1,1,2,1,1,2,2,1,1.375
53,Student054,4.1,0.15,4.1,0.25,4.7,0.25,4.4,0.35,3.7,0.1,4.2,0.3,3.8,0.4,4.6,0.1,3.6,0.1,3.8,0.25,3.35,0.25,2.85,0.25,3.05,0.25,2.9,0.2,3.3,0.25,3.5,0.35,4.0,0.2,4.355,Pass,3.97,Pass,3.2625,Pass,3.43,Pass,3.754375,Pass,1,1,1,1,1,2,2,2,1.375
44,Student045,4.6,0.15,4.1,0.25,3.7,0.25,3.5,0.35,2.78,0.1,3.4,0.3,3.0,0.4,3.2,0.1,3.95,0.1,4.2,0.25,3.85,0.25,2.3,0.25,3.75,0.25,3.3,0.2,3.4,0.25,3.55,0.35,3.0,0.2,3.865,Pass,3.213,Pass,3.525,Pass,3.3525,Pass,3.488875,Pass,1,1,2,2,1,1,2,1,1.375
95,Student096,3.9,0.15,3.1,0.25,4.2,0.25,4.3,0.35,3.3,0.1,4.1,0.3,3.1,0.4,3.6,0.1,3.95,0.1,4.0,0.25,4.5,0.25,3.55,0.25,3.3,0.25,3.0,0.2,3.5,0.25,3.55,0.35,4.15,0.2,3.915,Pass,3.555,Pass,3.8375,Pass,3.5475,Pass,3.71375,Pass,1,2,2,1,1,1,2,1,1.375
84,Student085,3.9,0.15,3.9,0.25,3.4,0.25,4.0,0.35,3.0,0.1,4.0,0.3,3.65,0.4,4.6,0.1,3.65,0.1,3.8,0.25,3.35,0.25,3.8,0.25,4.05,0.25,3.5,0.2,3.8,0.25,4.1,0.35,3.85,0.2,3.81,Pass,3.785,Pass,3.75,Pass,3.855,Pass,3.8,Pass,1,1,2,1,1,2,2,1,1.375
81,Student082,4.2,0.15,4.0,0.25,4.4,0.25,3.6,0.35,3.0,0.1,3.35,0.3,3.5,0.4,1.7,0.1,3.35,0.1,4.2,0.25,3.85,0.25,2.8,0.25,3.7,0.25,3.13,0.2,3.4,0.25,3.95,0.35,3.6,0.2,3.99,Pass,3.21,Pass,3.6375,Pass,3.5785,Pass,3.604,Pass,1,1,2,2,1,1,2,1,1.375
69,Student070,3.6,0.15,3.4,0.25,3.7,0.25,3.9,0.35,2.8,0.1,3.9,0.3,2.7,0.4,3.9,0.1,4.18,0.1,3.6,0.25,4.35,0.25,3.9,0.25,2.75,0.25,3.2,0.2,3.5,0.25,2.85,0.35,3.42,0.2,3.68,Pass,3.338,Pass,3.65,Pass,3.1965,Pass,3.466125,Pass,1,2,2,1,1,1,2,1,1.375
26,Student027,3.6,0.15,4.0,0.25,3.3,0.25,0.0,0.35,3.0,0.1,4.2,0.3,3.65,0.4,3.5,0.1,2.25,0.1,4.0,0.25,4.5,0.25,3.9,0.25,2.95,0.25,3.2,0.2,3.2,0.25,4.1,0.35,2.9,0.2,2.365,Fail,3.595,Pass,3.8375,Pass,3.455,Pass,3.313125,Pass,1,1,2,1,1,1,2,2,1.375
5,Student006,4.1,0.15,3.7,0.25,3.6,0.25,3.8,0.35,3.0,0.1,4.2,0.3,3.0,0.4,2.9,0.1,4.25,0.1,4.2,0.25,2.7,0.25,3.55,0.25,3.75,0.25,3.2,0.2,3.5,0.25,3.55,0.35,4.15,0.2,3.77,Pass,3.475,Pass,3.55,Pass,3.5875,Pass,3.595625,Pass,1,1,2,1,1,2,2,1,1.375
57,Student058,4.1,0.15,3.7,0.25,3.6,0.25,3.8,0.35,3.9,0.1,4.3,0.3,3.0,0.4,3.8,0.1,2.8,0.1,2.6,0.25,4.35,0.25,2.3,0.25,3.75,0.25,3.2,0.2,4.1,0.25,3.55,0.35,4.3,0.2,3.77,Pass,3.54,Pass,3.25,Pass,3.7675,Pass,3.581875,Pass,1,1,1,1,2,1,2,1,1.25
9,Student010,3.8,0.15,4.4,0.25,4.0,0.25,3.6,0.35,3.8,0.1,4.2,0.3,3.5,0.4,2.9,0.1,2.05,0.1,3.2,0.25,4.45,0.25,2.8,0.25,4.1,0.25,3.33,0.2,4.4,0.25,4.1,0.35,4.15,0.2,3.93,Pass,3.535,Pass,3.6375,Pass,4.031,Pass,3.783375,Pass,1,1,1,1,2,1,2,1,1.25
